-3.846509858763283773e+00 0.000000000000000000e+00 0.000000000000000000e+00 0.000000000000000000e+00 0.000000000000000000e+00 0.000000000000000000e+00
-4.821072072636045647e-05 0.000000000000000000e+00 0.000000000000000000e+00 0.000000000000000000e+00 4.000000000000000000e+00 0.000000000000000000e+00
3.423840096445391890e-01 0.000000000000000000e+00 0.000000000000000000e+00 1.000000000000000000e+00 0.000000000000000000e+00 0.000000000000000000e+00
-2.726109243900154411e-08 0.000000000000000000e+00 1.000000000000000000e+00 0.000000000000000000e+00 0.000000000000000000e+00 4.000000000000000000e+00
2.142719618866140152e-04 0.000000000000000000e+00 2.000000000000000000e+00 0.000000000000000000e+00 3.000000000000000000e+00 0.000000000000000000e+00
-5.449335195555349287e-04 0.000000000000000000e+00 3.000000000000000000e+00 0.000000000000000000e+00 2.000000000000000000e+00 0.000000000000000000e+00
4.660376877353988867e-04 0.000000000000000000e+00 4.000000000000000000e+00 0.000000000000000000e+00 1.000000000000000000e+00 0.000000000000000000e+00
-1.332988101481191734e-04 0.000000000000000000e+00 5.000000000000000000e+00 0.000000000000000000e+00 0.000000000000000000e+00 0.000000000000000000e+00
2.385200542548426839e-05 2.000000000000000000e+00 1.000000000000000000e+00 0.000000000000000000e+00 0.000000000000000000e+00 0.000000000000000000e+00
-1.382797297444504636e-06 2.000000000000000000e+00 1.000000000000000000e+00 1.000000000000000000e+00 0.000000000000000000e+00 0.000000000000000000e+00
